This model is tested on daily returns, taken from April 2nd to May 2nd.
Factor loadings have been computed for April 1st.
Hence there are: 88 coin pairs; 31 days of returns; 6 factors
The dimensionality of various variables are listed below:
factors size = (88, 6)
returns size = (31, 88)
beta size = (31, 6)
beta = [[ 5.67285347e-03 -8.90913003e-03 -7.72425396e-03  8.47673231e-03
   1.44291001e-02 -7.55970413e-03]
 [-1.27275178e-03 -8.89261713e-03  2.77720774e-02 -5.39301128e-03
   1.22477222e-03  1.99010636e-02]
 [-6.88861835e-03  2.83344652e-02  1.08384064e-02  4.33386783e-03
  -2.92683280e-02 -7.52395963e-04]
 [ 1.59469516e-02 -4.04147801e-03 -1.74845779e-02  8.68295729e-03
   1.19082854e-02 -1.05542688e-02]
 [-6.46167952e-03  1.52118871e-02  1.27884637e-02  7.12477945e-04
  -1.03773890e-02  1.82527621e-04]
 [ 5.70669419e-03 -1.34987286e-02 -1.27463007e-02  4.45607566e-04
   1.11487654e-02  1.92021079e-03]
 [ 2.43853581e-03 -9.02483175e-03 -1.76349789e-03 -1.19889535e-03
   4.53865875e-03  3.97112409e-03]
 [-4.94868561e-03  4.92640449e-03  2.86960698e-02  2.22495980e-03
  -2.50455887e-02  7.04011557e-03]
 [ 1.29093808e-02 -1.06786542e-02  7.85829876e-04  8.83090028e-03
  -6.65577398e-03 -4.14178301e-04]
 [-6.03832068e-03  1.11234901e-02  7.89527931e-03 -3.55343148e-03
   1.66109556e-02  1.45098336e-02]
 [ 1.86602030e-03 -5.19075668e-02 -3.36925468e-02 -1.50657392e-02
   3.40513008e-02  5.13963475e-03]
 [ 1.06297066e-02 -1.50060061e-02  8.17284593e-03  4.31748001e-03
  -1.06747333e-02 -1.89866545e-02]
 [-8.78669582e-03  6.39718781e-03 -4.03716077e-04 -3.15330767e-03
   1.72614036e-02 -1.05511017e-03]
 [-7.94755245e-03 -1.68267777e-02  2.06357600e-03 -4.29974979e-03
   1.60822661e-02  3.18443737e-03]
 [-3.53572228e-03  1.76664956e-02  1.99505141e-02  2.68409012e-03
  -9.83040467e-03  2.90504407e-03]
 [ 2.54554937e-03  1.02599542e-03  3.55279723e-03  6.09894535e-03
   4.00918465e-03 -1.00769584e-02]
 [ 1.72075081e-02 -1.34433721e-02 -2.26952507e-02  7.83256489e-03
   2.80111602e-02 -1.38882210e-02]
 [ 5.99907970e-03 -2.81299621e-02  3.34657376e-03  8.36905560e-03
  -1.26088892e-02  2.77458911e-03]
 [ 7.90723514e-04 -2.58877497e-02 -2.20379031e-02 -1.23462356e-02
   2.80574479e-02  9.78718897e-03]
 [ 5.74501651e-03 -1.68902982e-02 -1.02019460e-02  1.75801443e-03
  -1.42975597e-02 -8.28045178e-04]
 [ 4.63507587e-03  3.49168570e-03  1.97050839e-03  7.85137949e-03
   1.48297210e-03 -6.84440769e-04]
 [ 1.68840160e-02 -2.19563176e-02 -8.26193555e-03  4.84683727e-03
   3.37588585e-03  1.79175423e-04]
 [ 2.57959564e-03 -1.68179760e-02 -1.93893322e-02 -7.84098683e-03
   3.59234281e-02 -4.82511753e-03]
 [ 7.55792287e-03  2.76994975e-02 -5.14365222e-03 -9.33648089e-03
  -4.78421045e-02  3.00114786e-03]
 [ 9.70263590e-04 -1.65163283e-02 -1.73043974e-02  7.96665607e-03
   1.85196502e-02 -3.88098229e-03]
 [ 2.38330862e-03  6.51763832e-03 -2.32895864e-03  2.36400014e-04
  -1.63906641e-02 -3.43650790e-03]
 [ 5.13259016e-03 -2.23614731e-02 -8.44524477e-03  3.56389461e-03
   4.84742770e-03  2.41121207e-03]
 [ 1.04436104e-02 -1.86494429e-02 -4.97058039e-03  7.64930331e-03
  -1.60597385e-02  7.48000347e-05]
 [ 8.26484219e-03 -1.12834209e-03 -1.36260420e-02 -9.73564724e-04
  -2.08016708e-02 -7.70292160e-03]
 [ 2.71064194e-03  1.63252483e-02  5.91855016e-03  3.27292146e-03
   8.67187317e-03  4.61384664e-03]
 [ 4.74215386e-03 -3.28102434e-02 -2.51309181e-03 -6.14127158e-03
  -2.81946799e-02  3.11092012e-03]]
intercept = [ 0.02546902  0.04665843 -0.05205283  0.01222252 -0.01691261  0.01023297
  0.01478212  0.00672576  0.02792798  0.02932856  0.04431025  0.01745887
  0.00277567  0.02798014 -0.00302147  0.00088947  0.06088823  0.0395217
  0.02315944 -0.02727854  0.01740303  0.0310775   0.01597426 -0.050455
  0.04675892 -0.00316365  0.04293846  0.03487872 -0.01013398  0.01228596
  0.03103333]
r_squared = 0.23054599722952018
F_score = 4.0948455451858345
t_stats = [[ 0.79695636 -0.49331999 -0.54106973  1.29501326  0.71934952 -0.97435694]
 [-0.17880378 -0.49240563  1.94538274 -0.82390488  0.06105989  2.56501301]
 [-0.96775427  1.56894758  0.75921036  0.66209668 -1.45914558 -0.09697499]
 [ 2.24032305 -0.22378637 -1.2247624   1.32651881  0.59367662 -1.36032111]
 [-0.90777535  0.84231883  0.89580827  0.10884718 -0.51735519  0.02352566]
 [ 0.8017105  -0.74745711 -0.89285483  0.06807667  0.55581145  0.24749258]
 [ 0.34258008 -0.49972667 -0.12352977 -0.18315848  0.22627066  0.51183118]
 [-0.69522093  0.27278688  2.01010671  0.33991311 -1.2486248   0.90738809]
 [ 1.81358697 -0.5913028   0.05504593  1.34912046 -0.33181749 -0.05338271]
 [-0.84829937  0.61593443  0.55304974 -0.54286731  0.82812392  1.87014687]
 [ 0.26214968 -2.87424699 -2.36010069 -2.30163363  1.69759629  0.66243846]
 [ 1.49332471 -0.8309187   0.57249277  0.65959307 -0.53217901 -2.44715643]
 [-1.23440754  0.3542277  -0.02827957 -0.48173932  0.86055141 -0.13599129]
 [-1.11651966 -0.93173921  0.14454969 -0.65688438  0.80176659  0.41043652]
 [-0.49671939  0.97823641  1.39749667  0.41005569 -0.49008579  0.37442601]
 [ 0.35761399  0.05681184  0.24886689  0.93175234  0.19987421 -1.2988014 ]
 [ 2.41741356 -0.74439189 -1.5897604   1.19660207  1.39647064 -1.79002833]
 [ 0.84278657 -1.55762375  0.23442131  1.2785632  -0.62860458  0.3576119 ]
 [ 0.11108556 -1.43346705 -1.54371442 -1.88616772  1.39877827  1.26145354]
 [ 0.80709425 -0.93525649 -0.71462748  0.26857661 -0.71279169 -0.10672528]
 [ 0.65116316  0.19334305  0.13803047  1.19947643  0.07393221 -0.08821636]
 [ 2.37196746 -1.21577419 -0.57873333  0.74046441  0.16830169  0.0230936 ]
 [ 0.36239701 -0.93125183 -1.35818692 -1.19788871  1.79092948 -0.62190089]
 [ 1.06178217  1.53378789 -0.36030334 -1.42635937 -2.38512413  0.38681266]
 [ 0.13630843 -0.91454888 -1.21214109  1.21708754  0.92328013 -0.50021297]
 [ 0.33482144  0.36089733 -0.16313925  0.03611547 -0.81714149 -0.44292545]
 [ 0.72105694 -1.23820862 -0.5915738   0.54446579  0.24166405  0.31077687]
 [ 1.4671808  -1.03266457 -0.34817998  1.1686047  -0.8006435   0.00964084]
 [ 1.16109442 -0.06247902 -0.95447908 -0.14873411 -1.03704817 -0.99281599]
 [ 0.38080718  0.90396831  0.41458351  0.50001304  0.43232826  0.59467056]
 [ 0.66620611 -1.8167822  -0.17603744 -0.93821863 -1.40561984  0.40096101]]
